C1832520250429013245
C1832520250429013247
C1832520250429013248
00261220250429020104
01764320250429020423
01764320250429020424
01855420250429020554
01772020250429020559
01714420250429020627
01714420250429020630
01793820250429020652
01793820250429020653
01460720250429021809
01460720250429021812
00012820250429024115
00076120250429024117
00011720250429024117
01653920250429024120
00011720250429024120
C0994220250429025552
C0994220250429030014
01754020250429030127
01753820250429030133
01753820250429030134
01879020250429030135
01878620250429030139
01879020250429030142
01753620250429030202
01760120250429030215
00078120250429030319
01656520250429030532
01656520250429030537
01186120250429031935
01186120250429031936
00043320250429033004
01558420250429035804
01558420250429035805
01522720250429040032
01522720250429040034
01558420250429040037
01174320250429040109
00119820250429040112
00119820250429040114
01631320250429040421
01631320250429040424
01587120250429040612
01587120250429040613
00896120250429043104
00896120250429043105
00896120250429043108
00896120250429043112
00055520250429044011
00129020250429044719
00129020250429044722
00129020250429044727
01790320250429045618
01790320250429045620
01790320250429045624
01685820250429045719
01685820250429045723
00129020250429045813
00129020250429045814
88801120250429050430
88801120250429050657
01009020250429051915
88801120250429052212
01009020250429052359
00129020250429052425
520250429052735
00129020250429052838
F0000820250429052908
00129020250429052941
F0021720250429053054
F0021720250429053057
01790320250429053127
01790320250429053205
F0021720250429053740
00129020250429053846
00343720250429054625
00056120250429054637
00129020250429054719
01778620250429054752
00661220250429054810
01790320250429054826
00056120250429054951
01467920250429054958
F0021720250429055014
00175420250429055144
00175420250429055153
00056120250429055200
T9901920250429055240
01085820250429055313
01085820250429055315
01085820250429055318
01085820250429055319
00056620250429055338
00056620250429055342
00056620250429055343
00129020250429055415
00129020250429055448
00056120250429055717
00056120250429055818
00056620250429055832
RD-00220250429055836
00056620250429060020
00149320250429060430
00149320250429060433
C1789820250429060511
C1418220250429060757
C1418220250429060902
C1789820250429060931
00061220250429060937
00061220250429060938
00714720250429061144
00230520250429061221
00230520250429061259
00104420250429061340
00040820250429061551
00040820250429061554
00040820250429061557
00040820250429061600
01807520250429061645
00061220250429061707
Clean320250429061800
01790320250429061942
00011320250429061948
00011320250429061949
00011320250429061950
00020020250429061955
00020020250429061958
00555120250429062104
00555120250429062105
F0018320250429062225
F0018320250429062232
00011320250429062339
F0002120250429062345
F0002120250429062348
F0002120250429062358
01788620250429062508
Clean320250429062512
00055520250429062517
00062820250429062520
00091520250429062550
520250429062700
00063320250429062733
00091520250429062735
00063320250429062740
00129020250429062749
01719520250429062806
01322520250429062836
00026920250429062950
00026920250429062952
01719520250429063039
00366220250429063047
01807520250429063048
01246820250429063049
01807520250429063050
00054620250429063055
00054620250429063058
00054620250429063101
00054620250429063102
00858220250429063145
00005520250429063207
00005520250429063209
00056120250429063247
C1789820250429063319
01790320250429063346
01439820250429063515
00129020250429063522
01778820250429063552
00767020250429063601
00767020250429063603
01778820250429063616
F0000820250429063638
C1853820250429063701
01246820250429063714
C1232920250429063748
00255320250429063754
00686220250429063808
01800120250429063813
00091520250429063823
00040820250429063831
F0002120250429063848
T9900720250429063915
00086720250429064010
C1418220250429064028
220250429064059
220250429064102
00653920250429064133
00653920250429064151
00653920250429064152
C1853820250429064217
00171520250429064223
00804120250429064227
01591120250429064230
01591120250429064232
00686220250429064243
01849420250429064257
01517820250429064350
C1232920250429064351
00230520250429064408
00021720250429064429
00021720250429064430
00080020250429064435
01800420250429064504
00978520250429064505
01800420250429064506
00129020250429064529
00141420250429064551
00141420250429064554
00141420250429064555
01850820250429064558
00086720250429064609
00300020250429064635
00300020250429064636
01790320250429064640
00024520250429064657
00024520250429064700
01719520250429064703
01568220250429064714
01568220250429064717
01719520250429064727
01114520250429064737
01114520250429064738
00890620250429064745
01850820250429064747
00061220250429064813
01820020250429064838
01820020250429064841
00050420250429064852
00050420250429064854
00050420250429064858
01701920250429064914
01701920250429064916
00024720250429064923
00024720250429064925
00024320250429064931
00024320250429064932
00024320250429064934
00045920250429065006
01614720250429065029
00146320250429065036
01100820250429065044
01100820250429065046
01100820250429065049
00890620250429065117
00578820250429065139
00578820250429065142
01042620250429065214
00830220250429065217
00830220250429065219
00033920250429065231
01900520250429065232
00033920250429065233
00033920250429065236
00033920250429065237
00698420250429065245
01800020250429065300
01800020250429065302
00964520250429065317
00964520250429065320
00964520250429065324
01766820250429065324
00964520250429065326
01766820250429065326
00964520250429065329
00964520250429065332
01720920250429065339
00332020250429065345
01538620250429065414
01568220250429065420
01513420250429065423
01467920250429065501
01467920250429065502
01916420250429065513
01476320250429065514
01743520250429065517
01476320250429065522
01476320250429065525
00101420250429065526
01639220250429065536
01711220250429065538
00122820250429065549
00149320250429065555
00008820250429065701
00008820250429065703
C1789820250429065710
00227920250429065732
00782620250429065737
00782620250429065738
01850820250429065743
01850820250429065744
00628720250429065746
00628720250429065748
00066320250429065756
00085620250429065812
00011920250429065813
Clean320250429065822
F0018320250429065823
01583820250429065835
01813420250429065838
01201820250429065848
01813420250429065854
00129020250429065908
00606520250429065919
01513420250429065924
01513420250429065925
01914620250429065940
01914620250429065941
01719420250429065956
01758920250429070000
01372620250429070004
01719420250429070006
01009020250429070011
01009020250429070014
01877320250429070029
01912020250429070032
01912020250429070034
01912020250429070035
00129020250429070046
01644720250429070053
01644720250429070054
01644720250429070055
00890620250429070058
00166720250429070103
00166720250429070104
00024120250429070105
00024120250429070106
00164120250429070106
00164120250429070107
00164120250429070108
00065520250429070116
00065520250429070120
C1853920250429070121
01677520250429070128
01095820250429070132
01583420250429070148
00830220250429070218
00830220250429070220
00041320250429070253
00041320250429070255
01877320250429070257
01372620250429070259
01372620250429070302
00055620250429070339
00055620250429070348
00647120250429070407
00647120250429070409
01583420250429070418
01583420250429070419
01877320250429070420
00022620250429070423
01677520250429070431
00046620250429070434
00046620250429070436
00022620250429070438
00609620250429070458
00026020250429070501
00026020250429070504
00146320250429070513
00129020250429070513
T9902020250429070522
00146320250429070523
00146320250429070524
01386720250429070525
01386720250429070528
00239520250429070532
01879220250429070540
01879220250429070541
01583420250429070604
C1853920250429070622
00071420250429070643
00150320250429070643
00150320250429070646
01907920250429070652
00039620250429070655
C1825120250429070711
C1717720250429070728
C1853920250429070746
01904620250429070749
01904620250429070752
00060120250429070755
00060120250429070757
00416720250429070758
01462020250429070802
01821120250429070821
01847520250429070822
00782520250429070826
00066320250429070826
01817320250429070837
01817320250429070839
01817320250429070842
01817320250429070845
01817320250429070849
01817320250429070850
00321520250429070909
00321520250429070910
00321520250429070911
01834020250429070929
01867220250429070931
01831420250429070931
00053420250429070935
01900420250429070938
00046220250429070942
01900420250429070943
66607420250429070952
01246820250429071000
00653920250429071003
00062820250429071011
00014120250429071015
00014120250429071016
01758920250429071024
C1406920250429071033
00653920250429071045
01656420250429071058
01879120250429071100
00022620250429071100
01879120250429071103
00097720250429071120
01384720250429071123
01772120250429071126
01772120250429071127
01785220250429071146
01785220250429071147
C1717720250429071203
C1784120250429071203
01912120250429071205
01912120250429071206
01912120250429071207
00040820250429071207
00040820250429071208
01813420250429071236
00091520250429071237
01916220250429071245
01807120250429071246
01807120250429071248
00012620250429071301
00551720250429071301
C1894720250429071311
00308020250429071314
01803120250429071328
Y0001820250429071340
01878920250429071357
01878920250429071358
01881920250429071404
01920120250429071413
Y0001620250429071426
01859520250429071428
00073520250429071438
T9901920250429071440
00357520250429071441
00033720250429071443
00073520250429071446
00119720250429071451
00119720250429071452
01503720250429071458
01503720250429071459
01503720250429071459
01859520250429071501
00003520250429071507
01908020250429071612
00056620250429071613
00636720250429071627
00670920250429071629
00060020250429071629
01773420250429071644
00007620250429071647
C1717720250429071653
01695220250429071655
01456720250429071700
C1901320250429071700
01456720250429071702
01914720250429071713
00255420250429071715
00255420250429071716
01922420250429071721
00381220250429071727
01777220250429071730
C1717720250429071731
01741820250429071737
01741820250429071743
01551320250429071746
00585720250429071746
01551320250429071747
01326520250429071748
01551320250429071749
01326520250429071751
00013220250429071757
00011220250429071805
00413120250429071806
00056620250429071809
01439920250429071811
01439920250429071812
Y0010920250429071822
00027720250429071828
00027720250429071828
00027720250429071829
00010420250429071830
00027720250429071831
01626720250429071832
00010420250429071834
00027720250429071834
00062820250429071836
00027720250429071837
01789920250429071837
00027720250429071839
C1406720250429071840
00027720250429071841
00443020250429071842
C1680420250429071843
C1918720250429071854
00421420250429071855
00014420250429071856
00014420250429071858
00421420250429071859
00421420250429071902
00645220250429071902
00011620250429071905
01845020250429071905
00129020250429071908
00357520250429071910
01439920250429071919
01439920250429071921
01914720250429071928
00697520250429071934
00697520250429071936
01726820250429071940
C1825120250429071943
00007020250429071952
00222720250429071955
Y0006420250429072004
00005420250429072004
F0008020250429072007
F0008020250429072008
00129020250429072009
01443320250429072019
T9901920250429072025
00844220250429072030
01720920250429072049
00135320250429072055
00135320250429072057
00622420250429072058
C1759220250429072103
01521020250429072108
F0008020250429072109
01800420250429072110
00024220250429072111
00007420250429072124
00007420250429072124
00014520250429072128
00014520250429072129
00014520250429072131
01817820250429072135
01879520250429072137
01817820250429072137
01817820250429072140
00778120250429072145
00778120250429072148
01741820250429072148
00067820250429072155
00241620250429072205
00063320250429072205
01810820250429072207
01810820250429072208
01155120250429072212
01155120250429072213
01443120250429072214
01882620250429072217
01822220250429072222
00559220250429072234
01878720250429072236
01878720250429072237
00686720250429072239
00686720250429072243
T9901620250429072313
01522420250429072316
01882820250429072319
01882820250429072320
01764920250429072321
01733420250429072322
01764920250429072322
01764920250429072323
01733420250429072323
01245120250429072325
F0018320250429072325
01557420250429072326
01733420250429072326
01557420250429072329
00653920250429072332
T9900920250429072333
00299120250429072336
01817420250429072337
01817620250429072338
01817620250429072339
01823120250429072339
00020220250429072342
00299120250429072343
00101420250429072343
00220720250429072344
00064520250429072356
C1406920250429072402
01655720250429072416
01695220250429072422
01927320250429072422
C1680420250429072436
00579120250429072436
00579120250429072437
01817520250429072447
01816120250429072449
01847120250429072449
01816120250429072452
00109820250429072452
01733420250429072459
00710320250429072502
C1784120250429072506
01402520250429072507
01402520250429072507
C1784120250429072507
C1784120250429072510
01487020250429072512
01199720250429072513
Y0002020250429072514
01779120250429072515
01602520250429072516
01916020250429072519
C1918720250429072525
00713120250429072525
00287220250429072526
00930020250429072528
00930020250429072529
00023320250429072530
00023320250429072532
01779220250429072543
01769020250429072546
01760220250429072546
F0018320250429072549
00029320250429072550
01760420250429072550
01760420250429072553
01859520250429072608
Y0000820250429072614
66609220250429072620
01906020250429072627
01879720250429072632
00836720250429072637
00836720250429072638
00804220250429072642
00050220250429072643
00804220250429072644
C1406720250429072646
01750920250429072649
00835120250429072650
01817120250429072655
01760320250429072657
01817120250429072657
01613020250429072710
00653920250429072717
01384720250429072719
01927320250429072719
C1717720250429072720
01913420250429072735
01910120250429072746
00661620250429072751
00014920250429072751
00073620250429072752
00014920250429072754
01910120250429072755
00332020250429072757
01384720250429072807
00073520250429072808
01628820250429072809
00858220250429072809
01760520250429072818
01053520250429072820
01760520250429072821
01053520250429072821
00520120250429072823
01779720250429072836
01779720250429072839
00129020250429072842
01772120250429072850
00647220250429072856
01898420250429072900
01384720250429072907
01384720250429072908
01833020250429072910
01927320250429072910
01833020250429072913
01780220250429072916
00062820250429072920
Y0000420250429072925
01780220250429072926
01778820250429072931
01382120250429072941
00649520250429073009
01569920250429073012
01776420250429073019
01875320250429073020
01069720250429073022
01069720250429073024
01069720250429073025
Y0007320250429073026
Y0004420250429073027
00115520250429073028
01520420250429073031
01720920250429073032
01913420250429073033
01520420250429073034
01828820250429073038
01828820250429073039
00059620250429073044
01726120250429073050
520250429073055
00227220250429073059
00059620250429073115
01910120250429073120
Y0001120250429073129
00007320250429073134
00014920250429073137
00007320250429073141
01847120250429073157
00066320250429073202
01713520250429073204
00603720250429073206
01904120250429073211
00090820250429073211
Clean320250429073225
Clean320250429073226
00741120250429073228
00741120250429073230
Y0001720250429073232
01760720250429073239
00003520250429073243
00033320250429073245
01080920250429073250
01729620250429073253
01585420250429073253
01585420250429073300
00520120250429073313
01585420250429073316
00033320250429073317
00064520250429073327
01482420250429073334
01482420250429073337
00396020250429073341
01904020250429073349
00047020250429073402
01859520250429073402
Y0001420250429073405
Y0001420250429073407
01808520250429073411
00944620250429073414
00695420250429073414
00569320250429073414
00944620250429073417
01780220250429073418
00010820250429073432
00719820250429073433
00719820250429073435
F0009520250429073438
00164320250429073439
00164320250429073440
F0009520250429073441
00180320250429073446
01506020250429073446
01506020250429073447
01704620250429073449
00834820250429073452
00625320250429073456
00061320250429073502
00129020250429073503
00658920250429073504
00661320250429073507
01821620250429073508
00661320250429073511
00098220250429073538
00949720250429073553
F0021720250429073554
00077820250429073556
00949720250429073601
00066920250429073602
520250429073609
00175020250429073630
01042320250429073641
01401020250429073642
01401020250429073645
01401020250429073646
01790920250429073647
01178120250429073651
00082520250429073657
01401020250429073706
01262920250429073712
01262920250429073715
01713520250429073715
01918620250429073717
01918620250429073717
00047220250429073722
Y0001920250429073732
Y0001920250429073734
01524720250429073836
01524720250429073838
01841020250429073841
01232720250429073845
01232720250429073846
01232720250429073847
01585420250429073859
01261320250429073901
00129020250429073909
01261320250429073911
01927320250429073922
00569320250429073923
01902220250429073942
01372620250429073953
01664220250429074000
01037620250429074009
00686220250429074011
00686220250429074012
01840420250429074014
00684220250429074020
00221520250429074023
Clean320250429074034
01729620250429074040
01745220250429074059
01839520250429074107
01839520250429074107
00818520250429074111
01651320250429074116
01185320250429074117
01185320250429074117
00978620250429074120
00005920250429074124
01651320250429074128
01291020250429074132
00686220250429074133
00264320250429074133
01745820250429074140
01745820250429074142
00020320250429074143
00020320250429074144
120250429074146
01652420250429074152
01885920250429074157
F0021520250429074202
520250429074202
Clean320250429074203
Clean320250429074204
01303020250429074207
01303020250429074208
00066920250429074212
00015120250429074215
01821020250429074220
01880920250429074230
00040420250429074231
00912320250429074235
01712720250429074237
00077820250429074242
01738220250429074242
01382120250429074244
00073020250429074246
01738220250429074246
01178720250429074248
00040120250429074248
00875920250429074249
01704820250429074250
00382920250429074251
00293220250429074251
01671620250429074252
01728120250429074254
00116220250429074256
00116220250429074259
01700820250429074301
01700820250429074303
01854020250429074305
00021620250429074311
00110520250429074315
00274920250429074316
00110520250429074317
01733620250429074317
01697820250429074321
01840420250429074324
01757620250429074324
01733620250429074324
01262720250429074331
01728820250429074332
00632720250429074348
01547520250429074351
00016320250429074353
Y0010220250429074355
01701820250429074358
00708720250429074359
01906220250429074408
320250429074409
01802220250429074409
00519720250429074411
320250429074413
00053120250429074413
00073020250429074423
Y0001320250429074431
00057720250429074431
01728820250429074433
00005220250429074434
00057720250429074435
01800220250429074440
00978620250429074441
01800220250429074443
01262720250429074451
01069720250429074458
00534420250429074502
A1759120250429074508
01744220250429074508
01709520250429074508
01261320250429074509
01920020250429074511
01907720250429074512
00642120250429074514
00233920250429074523
00039520250429074524
01830820250429074531
01896020250429074531
01709520250429074532
00834820250429074534
01520020250429074538
01807520250429074539
01520020250429074546
00769220250429074547
01853420250429074554
01853420250429074555
01889120250429074559
01779920250429074600
01779920250429074602
01820120250429074607
00019020250429074607
01879320250429074617
01879320250429074618
00683220250429074619
01879320250429074619
00683220250429074620
01755520250429074621
01772520250429074622
01879620250429074625
01865720250429074626
01879620250429074628
01816220250429074629
00504220250429074632
00028120250429074636
00817520250429074643
00813320250429074644
00817520250429074651
01821020250429074655
01879320250429074705
01510420250429074712
01510420250429074713
01844120250429074716
01510420250429074719
01545420250429074721
00087120250429074721
01545420250429074722
01545420250429074723
01800320250429074726
01704620250429074726
00443120250429074727
00005920250429074729
01915520250429074730
01915520250429074731
01712720250429074733
00764520250429074736
01816520250429074745
01890420250429074746
01816520250429074748
01859420250429074750
01800420250429074755
00159520250429074757
00087120250429074759
00164620250429074800
00049920250429074800
00092320250429074801
00049920250429074803
01911320250429074809
01915420250429074811
01911320250429074812
00082520250429074814
01911320250429074815
01840920250429074818
00615920250429074818
01704820250429074818
01865620250429074824
01134020250429074825
01134020250429074828
01865620250429074830
01875320250429074831
01809420250429074832
01366820250429074837
01366420250429074839
01366420250429074851
Y0007820250429074854
01810720250429074854
00065720250429074855
01863420250429074857
01873320250429074901
01873320250429074902
01711020250429074908
00065720250429074911
01837220250429074912
01804720250429074912
00530920250429074915
01804720250429074915
00007620250429074918
00063320250429074920
01800420250429074923
01876920250429074923
01876920250429074923
01800420250429074924
01911320250429074929
01911320250429074930
00752620250429074931
01859520250429074933
01863420250429074933
00679520250429074940
00578720250429074941
00258320250429074941
01784720250429074943
01769220250429074947
01471420250429074954
00019220250429074959
01553320250429075009
01553320250429075012
01826020250429075013
01816620250429075017
01703320250429075019
01087920250429075021
01737420250429075021
01553320250429075023
01553320250429075024
00041520250429075027
01547520250429075032
01911320250429075032
00039520250429075034
00062820250429075038
01583420250429075039
01743120250429075039
01846020250429075040
01757520250429075041
01917220250429075051
01742620250429075054
01377220250429075055
01846020250429075056
01776520250429075057
01751420250429075057
01776520250429075058
01751420250429075059
01776520250429075059
01816420250429075059
01881820250429075101
00068720250429075101
01795120250429075102
520250429075103
01739720250429075104
01822120250429075106
00058020250429075106
01711520250429075107
00058020250429075107
00129020250429075108
01816320250429075109
00129020250429075109
01816320250429075110
01879420250429075111
01875320250429075112
01889120250429075122
01744720250429075122
01848820250429075129
00009720250429075134
00009720250429075135
00009720250429075137
00129020250429075142
01742620250429075145
01741920250429075145
00014920250429075147
01817020250429075147
01816720250429075148
00087120250429075149
00691020250429075149
01846020250429075150
01915320250429075152
01709020250429075153
01699520250429075155
01900020250429075157
01846020250429075158
00049920250429075200
01709020250429075201
01832920250429075204
01900020250429075204
00100120250429075208
00651220250429075209
01910220250429075212
01863420250429075213
00567720250429075215
00065720250429075216
01890320250429075217
01911820250429075217
01803920250429075217
01909620250429075218
01911920250429075221
01896120250429075221
00068720250429075223
00651320250429075224
01236320250429075232
00492320250429075238
01917620250429075242
01917620250429075243
01842920250429075254
01842920250429075258
00860420250429075302
01069720250429075304
00080220250429075305
00023820250429075310
01034320250429075311
01828720250429075312
01691620250429075314
00094820250429075314
01749920250429075320
00013320250429075321
01783620250429075322
00043020250429075322
00043020250429075323
01639320250429075325
01901920250429075327
01805220250429075327
01737320250429075329
01826020250429075336
00968620250429075338
01358820250429075338
01882920250429075339
01358820250429075341
01803920250429075342
01903120250429075343
01743320250429075343
00070620250429075346
01903120250429075346
00765020250429075348
01830620250429075348
00765020250429075349
01830620250429075350
00354620250429075350
A1845320250429075357
00354620250429075358
01903120250429075358
01903120250429075359
01665620250429075403
01911620250429075404
00294620250429075404
00058920250429075405
00294620250429075408
00354620250429075409
01758220250429075409
01758220250429075410
00528120250429075412
00382920250429075413
01825920250429075417
01813420250429075421
01902720250429075421
01765620250429075424
01902720250429075424
01765620250429075425
01161720250429075428
01813020250429075430
01386320250429075430
01386320250429075431
01902720250429075431
01921820250429075433
01479520250429075434
01568120250429075435
01883020250429075436
00058920250429075438
01643320250429075438
00043120250429075439
01511820250429075441
00006920250429075441
01479520250429075441
00043020250429075442
00043020250429075442
00715320250429075445
01644120250429075446
01677120250429075447
00037320250429075447
00037320250429075448
00037320250429075450
00066920250429075457
01792020250429075458
01911720250429075458
01822320250429075459
01644120250429075501
01766620250429075503
01711120250429075506
01911720250429075507
01844520250429075507
00258320250429075509
01711120250429075509
00490320250429075511
00979220250429075511
01768220250429075511
01631020250429075512
01769320250429075513
01844520250429075515
01721320250429075515
01747620250429075516
01844520250429075516
01721320250429075516
01721320250429075518
01769320250429075521
00073020250429075522
01847920250429075522
01769320250429075522
01359020250429075527
01359020250429075528
01575720250429075533
00006920250429075536
00994720250429075537
00006920250429075537
01050720250429075538
01714520250429075542
01426920250429075549
01427620250429075550
01293520250429075551
01765820250429075553
01765820250429075554
01328420250429075555
00022920250429075556
00022920250429075557
00065320250429075559
00691920250429075559
01871020250429075559
00022920250429075600
01840520250429075601
00691220250429075602
01731620250429075604
01711520250429075608
Y0006020250429075608
00103220250429075609
00691220250429075609
Y0006020250429075609
00103220250429075612
00661720250429075613
01774420250429075620
01846520250429075620
00073820250429075624
01677120250429075625
00073820250429075625
01772620250429075627
01772620250429075629
00661720250429075631
00777920250429075634
01836520250429075638
01774420250429075638
01727020250429075640
00018420250429075643
01755420250429075646
01910020250429075647
01890820250429075647
01766620250429075649
01709020250429075650
01728920250429075652
01271220250429075653
00018420250429075654
01912320250429075701
01807520250429075704
01532620250429075706
00652220250429075707
00993120250429075709
01807520250429075709
00652220250429075710
01865420250429075715
00122320250429075715
01704820250429075716
00122320250429075716
01881520250429075719
00080220250429075720
01881520250429075720
00129020250429075722
01915820250429075724
00357120250429075727
01799820250429075733
00230320250429075733
01871020250429075735
01871020250429075735
01773320250429075736
01773320250429075737
00050120250429075740
01644120250429075741
00027320250429075742
00027320250429075745
01677920250429075751
00874820250429075753
00165320250429075755
00340220250429075757
C1418220250429075758
01885720250429075758
Y0006120250429075759
01273520250429075800
01805220250429075803
01273520250429075804
01805220250429075804
01388720250429075806
00032320250429075817
00037320250429075823
01890820250429075825
00059320250429075825
01520020250429075825
00590520250429075826
00590520250429075827
01310720250429075828
01911720250429075831
00156220250429075833
01826620250429075835
00059320250429075836
01722920250429075837
01826620250429075839
01142620250429075839
01751820250429075839
01655020250429075839
A1425220250429075843
00150320250429075843
01847920250429075844
A1425220250429075846
00225920250429075848
00649420250429075853
00917620250429075855
Y0006320250429075858
00122920250429075858
00122920250429075902
00122920250429075903
01868720250429075909
01868720250429075912
01804720250429075912
01262720250429075918
00163620250429075925
01699220250429075927
01699220250429075930
01832820250429075935
00043020250429075936
01785120250429075937
01699220250429075937
00163620250429075937
01813820250429075938
01871020250429075946
01773320250429075949
01741720250429075953
01840820250429075954
66604620250429075956
01595620250429080005
00873120250429080007
01533820250429080008
01840520250429080008
01607220250429080010
01775120250429080011
00661820250429080011
00975420250429080012
01376820250429080013
01882720250429080014
01474520250429080014
01775120250429080015
00638720250429080015
01882720250429080015
01775120250429080016
01882720250429080017
00255120250429080018
00343220250429080018
01809220250429080018
00873020250429080019
00049720250429080020
01557120250429080021
00255120250429080022
00873020250429080023
01311720250429080024
00413720250429080024
00608520250429080024
00413720250429080025
00968920250429080027
01443520250429080028
00049720250429080028
01677920250429080028
00687720250429080029
01764720250429080030
01765720250429080030
00104520250429080031
01765720250429080032
00318920250429080032
01764820250429080033
01764720250429080034
00673420250429080034
01141320250429080036
01764820250429080036
00968920250429080036
01816920250429080036
00673420250429080038
01141320250429080040
01786020250429080040
01324520250429080041
00020120250429080043
01786020250429080043
01324520250429080044
01817220250429080045
01758520250429080047
01817220250429080049
01828920250429080052
01174220250429080053
01828920250429080056
01174220250429080056
01611020250429080057
01095920250429080100
00873220250429080103
00993120250429080103
00129020250429080104
00873220250429080104
00948020250429080104
00993120250429080104
01846120250429080105
00948020250429080105
00873220250429080107
01852520250429080107
F0008020250429080108
01242420250429080109
00067420250429080109
00873220250429080110
F0008020250429080111
00004720250429080111
00004720250429080114
00034620250429080119
00948020250429080119
01318020250429080121
01318020250429080122
01677120250429080122
00094820250429080123
01318020250429080124
01846820250429080131
00129020250429080134
01477520250429080144
01772620250429080146
00471620250429080155
00471620250429080156
01915820250429080158
00471620250429080159
01741720250429080203
01902720250429080205
01790920250429080206
00299120250429080221
01859320250429080228
01859320250429080229
01095820250429080233
01704620250429080235
00045520250429080237
00045520250429080239
00045520250429080241
00045520250429080242
01018920250429080244
01873320250429080244
01820920250429080250
01184520250429080250
00037320250429080250
01184520250429080253
00869920250429080254
00869920250429080255
01665720250429080310
01813420250429080311
01813420250429080313
Y0006120250429080319
01801920250429080339
01743620250429080339
01727720250429080339
01727720250429080340
00359320250429080341
01801920250429080342
01801920250429080343
01786720250429080352
01141920250429080359
01881520250429080404
00103220250429080407
00103220250429080410
00150320250429080411
01889120250429080418
00090820250429080445
00090820250429080448
00294620250429080500
00163620250429080509
00109820250429080512
01721320250429080516
01721320250429080518
00066320250429080527
01547520250429080535
00812420250429080543
00812420250429080545
00359320250429080546
00359320250429080546
01644120250429080549
01885820250429080552
00473620250429080557
01833320250429080605
01877320250429080627
00043020250429080629
01641920250429080630
00043020250429080630
00013920250429080637
01677920250429080641
00129020250429080700
00442020250429080701
01846520250429080705
00519820250429080720
01578720250429080735
01578720250429080738
01745420250429080749
01745420250429080749
01704420250429080800
01142020250429080805
01727720250429080805
520250429080810
01566620250429080823
00948020250429080828
01174220250429080830
01174220250429080835
01401020250429080835
01920520250429080837
01898620250429080849
01733820250429080851
00339720250429080900
00283420250429080907
01800520250429080907
00613320250429080909
320250429080916
00613320250429080918
00124720250429080928
01641320250429080936
00146320250429080937
00078320250429080937
01641320250429080938
01437020250429080943
01488020250429080953
00994720250429081002
01709520250429081020
C1717720250429081029
01356820250429081035
00632720250429081039
01356820250429081042
00087120250429081047
00027320250429081048
01801920250429081057
01699220250429081059
00661720250429081100
00661720250429081103
00658920250429081117
00264420250429081126
00087120250429081140
01566620250429081150
01780220250429081153
00949720250429081207
01540020250429081212
01765120250429081218
01765120250429081221
01765120250429081225
00087120250429081231
00757820250429081243
C1717720250429081248
C1717720250429081311
00037320250429081311
C1717720250429081312
01655620250429081319
01809420250429081345
01412920250429081401
01741820250429081403
00058920250429081406
01813420250429081414
00066920250429081420
01467920250429081426
01740520250429081451
S0050720250429081455
00533220250429081459
00533220250429081501
00691920250429081502
00599220250429081520
01583420250429081530
01745420250429081535
01745420250429081536
01467920250429081537
00359320250429081550
00359320250429081551
01772620250429081558
01852520250429081606
00102920250429081611
01431920250429081612
00102920250429081614
01699220250429081617
01728120250429081617
00102920250429081617
01728120250429081619
00116220250429081624
01740520250429081625
01818420250429081626
00116220250429081626
01818420250429081627
01488020250429081640
00122820250429081642
01134820250429081645
01134820250429081646
Clean320250429081651
00691220250429081656
01897020250429081707
01920720250429081708
01719520250429081711
01745420250429081715
01885820250429081717
01754120250429081720
00133820250429081723
00133820250429081726
01754120250429081729
01719520250429081736
01467920250429081737
01488020250429081748
01794120250429081754
00492220250429081802
01813420250429081842
01655020250429081842
01745420250429081846
01745420250429081846
01885820250429081847
01699220250429081906
00129020250429081913
F0008020250429081931
00653920250429081931
01868720250429081932
01864320250429081938
01655620250429081939
01669820250429081953
01669820250429081953
01466920250429081956
00062820250429081957
00129020250429082001
01488020250429082014
01920720250429082025
01887920250429082034
00025120250429082037
01677920250429082037
01898520250429082038
01488020250429082039
01488020250429082045
01823320250429082055
00040820250429082109
01885820250429082122
00715320250429082145
00625320250429082147
01820920250429082151
00025120250429082210
00101420250429082213
01913020250429082214
01818220250429082221
01669820250429082226
00072020250429082236
Y0006020250429082258
00063320250429082304
S0050420250429082325
00059320250429082328
00003520250429082333
01909120250429082337
00059320250429082340
00059320250429082341
01821520250429082342
01897020250429082344
Clean320250429082347
00043020250429082404
01801920250429082405
00043020250429082406
00072620250429082410
00225920250429082429
01780420250429082436
00080420250429082437
00721520250429082438
01784520250429082439
01629220250429082440
00129020250429082441
01898520250429082441
00129020250429082442
01853320250429082444
01906220250429082457
01780420250429082459
00721520250429082502
00721520250429082502
00146320250429082510
Clean320250429082518
01691620250429082536
01911120250429082543
01820720250429082546
01896720250429082627
01896520250429082640
00061220250429082647
01707920250429082649
01747520250429082707
01671420250429082708
01747520250429082710
00492220250429082719
C1789820250429082729
01851120250429082750
01742420250429082810
01723820250429082811
01920720250429082817
01920720250429082819
01723820250429082821
01709120250429082843
00225920250429082856
T0001620250429082856
00331320250429082901
01297920250429082904
00048920250429082918
01206620250429082939
00721520250429082942
01911120250429082954
00067420250429082955
00068120250429082957
01217320250429083001
Clean320250429083003
F0020920250429083006
F0020920250429083008
00150320250429083015
01916320250429083016
01916320250429083018
01916320250429083019
01579120250429083021
01819920250429083025
00653920250429083025
01886020250429083027
01743420250429083032
01780420250429083032
01780420250429083032
01743420250429083036
00048420250429083039
00048420250429083042
01904920250429083045
00877920250429083100
01206620250429083106
01762620250429083117
01762620250429083119
00129020250429083122
00129020250429083125
01762620250429083134
01719520250429083153
01885820250429083209
01896520250429083213
00063720250429083223
00063720250429083226
00063720250429083230
Y0006020250429083235
01782820250429083236
01384720250429083239
00009420250429083243
01217320250429083244
01761020250429083245
01709120250429083245
01800420250429083255
00058720250429083305
01896720250429083315
00566020250429083318
00949720250429083329
01845620250429083335
01384720250429083347
01889120250429083349
01800420250429083402
00633120250429083410
00234220250429083413
01704420250429083424
00056620250429083426
00566020250429083426
01297920250429083431
01671120250429083444
00062820250429083457
00062820250429083501
01870220250429083509
01800420250429083509
00109820250429083532
01896720250429083546
01863020250429083552
01709020250429083555
01856720250429083557
00904820250429083608
01821520250429083610
00658920250429083642
00056120250429083650
00652420250429083658
00093620250429083707
00093620250429083710
00072020250429083712
01782820250429083740
00016720250429083742
01547520250429083747
00948020250429083759
01823320250429083823
00122620250429083836
00442020250429083836
88801120250429083857
00896120250429083914
88801120250429083917
320250429083920
01720920250429083924
01800620250429083937
320250429083940
01913920250429083956
00041920250429084000
C1918720250429084000
01803620250429084001
00167020250429084005
00129020250429084010
00067420250429084015
00022620250429084019
00020820250429084032
01610820250429084039
C1759220250429084056
00076720250429084103
00076720250429084109
01610820250429084115
01890920250429084126
01890920250429084127
01873620250429084128
01677120250429084129
01008520250429084138
00118120250429084140
00118120250429084141
00040120250429084201
01925520250429084205
01686320250429084217
01876820250429084234
01920820250429084244
01920820250429084245
01745620250429084251
01671020250429084252
01745620250429084252
01686320250429084258
01921620250429084301
C1680420250429084309
01720920250429084323
00025120250429084324
01774420250429084333
01466920250429084346
00027420250429084349
01927020250429084355
00105920250429084411
01917420250429084429
01921220250429084433
00750920250429084434
01774420250429084457
01833420250429084511
00026420250429084516
01919620250429084536
01921220250429084541
00028520250429084547
01677820250429084550
00028520250429084550
00028520250429084557
Y0006020250429084558
01779820250429084601
01720920250429084611
01602320250429084615
01913620250429084634
01772720250429084642
00721520250429084652
01807520250429084655
01782820250429084702
00969920250429084709
01747520250429084720
01686320250429084729
01915820250429084731
01785720250429084735
01655620250429084750
01733820250429084804
00122720250429084818
320250429084820
00566120250429084821
00076820250429084824
01887920250429084827
01914120250429084834
01905720250429084842
01885820250429084843
00146320250429084849
00146320250429084850
01699520250429084852
S0020020250429084853
00024820250429084854
00024820250429084855
00035120250429084857
01666520250429084859
00006320250429084859
00006320250429084900
00035120250429084906
00533220250429084914
01809420250429084922
01678020250429084925
00254720250429084928
01704820250429084928
00076720250429084929
00076720250429084930
01839520250429084936
01798120250429084943
01798120250429084943
00146320250429084952
00075620250429084958
01742420250429085000
320250429085001
00068020250429085003
00146320250429085004
00146320250429085007
01655620250429085031
00442020250429085037
00066920250429085038
01563220250429085040
01563220250429085043
01862220250429085046
01713520250429085050
01919520250429085051
00007320250429085052
01862220250429085053
01819120250429085058
01854820250429085101
01657520250429085103
00740720250429085104
00148320250429085106
01783520250429085110
01845920250429085111
01845920250429085112
01914520250429085114
01914520250429085114
01669920250429085122
01847020250429085123
01479520250429085126
01671420250429085127
01917420250429085127
01917420250429085128
00109020250429085129
01894920250429085129
00006720250429085130
01693120250429085130
00499020250429085131
01894920250429085131
01039720250429085133
00499020250429085134
01862020250429085135
01924220250429085137
01806520250429085137
01707820250429085138
01482120250429085139
01707820250429085140
00059620250429085147
01733620250429085149
C1635520250429085149
01479520250429085207
01452120250429085208
01857920250429085213
01862220250429085214
01819220250429085219
01731020250429085226
01707620250429085229
01847120250429085231
01900220250429085233
01651520250429085235
00695520250429085238
01859520250429085238
01803720250429085240
01920920250429085243
01920920250429085243
01919720250429085243
01479520250429085249
01773320250429085258
01573820250429085301
00047620250429085310
01670920250429085311
00695520250429085318
01601120250429085318
01481520250429085320
01804720250429085322
01358720250429085331
01358720250429085335
01886420250429085347
01511820250429085348
01866520250429085351
01886420250429085354
01854220250429085354
01912820250429085356
01863020250429085358
01787820250429085409
01787820250429085409
01856520250429085412
01917520250429085413
00101420250429085414
01866620250429085415
01920820250429085417
01795820250429085421
01801820250429085428
01909420250429085428
01895120250429085430
Clean320250429085430
01877920250429085432
01787820250429085445
00412320250429085449
01665520250429085454
01602320250429085454
01800520250429085455
00412320250429085456
01703620250429085500
01356620250429085507
01712220250429085509
00075520250429085510
01518720250429085518
01374120250429085524
01057820250429085525
01374120250429085526
01862320250429085527
01057820250429085527
01862320250429085528
00490220250429085529
01588820250429085533
01165720250429085533
01481520250429085534
01854220250429085541
T9900820250429085544
00006320250429085545
01703920250429085548
01913920250429085552
00382920250429085553
01705420250429085555
01925320250429085559
00357120250429085602
00109820250429085605
01782820250429085607
01795820250429085610
00122320250429085610
00597120250429085611
01694920250429085611
00597120250429085612
01229220250429085613
F0018320250429085616
01783220250429085619
00118120250429085622
00066320250429085626
00059320250429085630
01740520250429085632
00662520250429085632
01357220250429085632
00662520250429085633
01730920250429085634
320250429085634
00683020250429085634
01742920250429085636
01798220250429085636
S0003820250429085637
01299220250429085639
01731020250429085650
01119520250429085651
00258320250429085655
01925220250429085656
01837020250429085658
00625620250429085658
00046120250429085658
01856520250429085707
01913220250429085711
01356920250429085713
00904820250429085714
01806620250429085718
01806620250429085720
00904820250429085721
01806520250429085723
01917420250429085725
01441720250429085728
F0008020250429085741
01242420250429085743
01242420250429085744
00015120250429085800
01665420250429085802
01665120250429085805
01921120250429085807
01061120250429085824
01793920250429085825
01793920250429085825
01357020250429085826
01061120250429085828
01912820250429085830
F0018320250429085831
00637220250429085842
C1635520250429085854
01756520250429085856
01358620250429085857
00068020250429085900
01735020250429085910
01357220250429085911
01298320250429085911
01674920250429085912
01845820250429085913
01735020250429085918
01925220250429085919
01925220250429085920
00442020250429085921
01921620250429085921
00075520250429085921
01452120250429085925
01795620250429085928
01895020250429085929
00035120250429085931
00264320250429085931
01906520250429085932
01823320250429085936
01795620250429085938
01665120250429085939
01906520250429085940
00359320250429085948
01061120250429085949
01888020250429085951
01789720250429085954
01061120250429085955
01888020250429085959
